-10 14.7176
-9.95 14.6676
-9.9 14.6176
-9.85 14.5676
-9.8 14.5176
-9.75 14.4676
-9.7 14.4176
-9.65 14.3676
-9.6 14.3176
-9.55 14.2676
-9.5 14.2176
-9.45 14.1676
-9.4 14.1176
-9.35 14.0676
-9.3 14.0176
-9.25 13.9676
-9.2 13.9176
-9.15 13.8676
-9.1 13.8176
-9.05 13.7676
-9 13.7176
-8.95 13.6676
-8.9 13.6176
-8.85 13.5676
-8.8 13.5176
-8.75 13.4676
-8.7 13.4176
-8.65 13.3676
-8.6 13.3176
-8.55 13.2676
-8.5 13.2176
-8.45 13.1676
-8.4 13.1176
-8.35 13.0676
-8.3 13.0176
-8.25 12.9676
-8.2 12.9176
-8.15 12.8676
-8.1 12.8176
-8.05 12.7676
-8 12.7176
-7.95 12.6676
-7.9 12.6176
-7.85 12.5676
-7.8 12.5176
-7.75 12.4676
-7.7 12.4176
-7.65 12.3676
-7.6 12.3176
-7.55 12.2676
-7.5 12.2176
-7.45 12.1676
-7.4 12.1176
-7.35 12.0676
-7.3 12.0176
-7.25 11.9676
-7.2 11.9176
-7.15 11.8676
-7.1 11.8176
-7.05 11.7676
-7 11.7176
-6.95 11.6676
-6.9 11.6176
-6.85 11.5676
-6.8 11.5176
-6.75 11.4676
-6.7 11.4176
-6.65 11.3676
-6.6 11.3176
-6.55 11.2676
-6.5 11.2176
-6.45 11.1676
-6.4 11.1176
-6.35 11.0676
-6.3 11.0176
-6.25 10.9676
-6.2 10.9176
-6.15 10.8676
-6.1 10.8176
-6.05 10.7676
-6 10.7176
-5.95 10.6676
-5.9 10.6176
-5.85 10.5676
-5.8 10.5176
-5.75 10.4676
-5.7 10.4176
-5.65 10.3676
-5.6 10.3176
-5.55 10.2676
-5.5 10.2176
-5.45 10.1676
-5.4 10.1176
-5.35 10.0676
-5.3 10.0176
-5.25 9.96757
-5.2 9.91757
-5.15 9.86757
-5.1 9.81757
-5.05 9.76757
-5 9.71757
-4.95 9.66757
-4.9 9.61757
-4.85 9.56757
-4.8 9.51757
-4.75 9.46757
-4.7 9.41757
-4.65 9.36757
-4.6 9.31757
-4.55 9.26757
-4.5 9.21757
-4.45 9.16757
-4.4 9.11757
-4.35 9.06757
-4.3 9.01757
-4.25 8.96757
-4.2 8.91757
-4.15 8.86757
-4.1 8.81757
-4.05 8.76757
-4 8.71757
-3.95 8.66757
-3.9 8.61757
-3.85 8.56757
-3.8 8.51757
-3.75 8.46757
-3.7 8.41757
-3.65 8.36757
-3.6 8.31757
-3.55 8.26757
-3.5 8.21757
-3.45 8.16757
-3.4 8.11757
-3.35 8.06757
-3.3 8.01757
-3.25 7.96757
-3.2 7.91757
-3.15 7.86757
-3.1 7.81757
-3.05 7.76757
-3 7.71757
-2.95 7.66757
-2.9 7.61757
-2.85 7.56757
-2.8 7.51757
-2.75 7.46757
-2.7 7.41757
-2.65 7.36757
-2.6 7.31757
-2.55 7.26757
-2.5 7.21757
-2.45 7.16757
-2.4 7.11757
-2.35 7.06757
-2.3 7.01757
-2.25 6.96757
-2.2 6.91757
-2.15 6.86757
-2.1 6.81757
-2.05 6.76757
-2 6.71757
-1.95 6.66757
-1.9 6.61757
-1.85 6.56757
-1.8 6.51757
-1.75 6.46757
-1.7 6.41757
-1.65 6.36757
-1.6 6.31757
-1.55 6.26757
-1.5 6.21757
-1.45 6.16757
-1.4 6.11757
-1.35 6.06757
-1.3 6.01757
-1.25 5.96757
-1.2 5.91757
-1.15 5.86757
-1.1 5.81757
-1.05 5.76757
-1 5.71757
-0.95 5.66757
-0.9 5.61757
-0.85 5.56757
-0.8 5.51757
-0.75 5.46757
-0.7 5.41757
-0.65 5.36757
-0.6 5.31757
-0.55 5.26757
-0.5 5.21757
-0.45 5.16757
-0.4 5.11757
-0.35 5.06757
-0.3 5.01757
-0.25 4.96757
-0.2 4.91757
-0.15 4.86757
-0.0999999 4.81757
-0.0499999 4.76757
1.49012e-07 4.71757
0.0500001 4.66757
0.1 4.61757
0.15 4.56757
0.2 4.51757
0.25 4.46757
0.3 4.41757
0.35 4.36757
0.4 4.31757
0.45 4.26757
0.5 4.21757
0.55 4.16757
0.6 4.11757
0.65 4.06757
0.7 4.01757
0.75 3.96757
0.8 3.91757
0.85 3.86757
0.9 3.81757
0.95 3.76757
1 3.71757
1.05 3.66757
1.1 3.61757
1.15 3.56757
1.2 3.51757
1.25 3.46757
1.3 3.41757
1.35 3.36757
1.4 3.31757
1.45 3.26757
1.5 3.21757
1.55 3.16757
1.6 3.11757
1.65 3.06757
1.7 3.01757
1.75 2.96757
1.8 2.91757
1.85 2.86757
1.9 2.81757
1.95 2.76757
2 2.71757
2.05 2.66757
2.1 2.61757
2.15 2.56757
2.2 2.51757
2.25 2.46757
2.3 2.41757
2.35 2.36757
2.4 2.31757
2.45 2.26757
2.5 2.21757
2.55 2.16757
2.6 2.11757
2.65 2.06757
2.7 2.01757
2.75 1.96757
2.8 1.91757
2.85 1.86757
2.9 1.81757
2.95 1.76757
3 1.71757
3.05 1.66757
3.1 1.61757
3.15 1.56757
3.2 1.51757
3.25 1.46757
3.3 1.41757
3.35 1.36757
3.4 1.31757
3.45 1.26757
3.5 1.21757
3.55 1.16757
3.6 1.11757
3.65 1.06757
3.7 1.01757
3.75 0.967567
3.8 0.917567
3.85 0.867567
3.9 0.817567
3.95 0.767567
4 0.717567
4.05 0.667567
4.1 0.617567
4.15 0.567567
4.2 0.517567
4.25 0.467567
4.3 0.417567
4.35 0.367567
4.4 0.317567
4.45 0.267567
4.5 0.217567
4.55 0.167567
4.6 0.117567
4.65 0.0675672
4.7 0.0175672
4.75 -0.0324328
4.8 -0.0824328
4.85 -0.132433
4.9 -0.182433
4.95 -0.232433
5 -0.282433
5.05 -0.332433
5.1 -0.382433
5.15 -0.432433
5.2 -0.482433
5.25 -0.532433
5.3 -0.582433
5.35 -0.632433
5.4 -0.682433
5.45 -0.732433
5.5 -0.782433
5.55 -0.832433
5.6 -0.882433
5.65 -0.932433
5.7 -0.982433
5.75 -1.03243
5.8 -1.08243
5.85 -1.13243
5.9 -1.18243
5.95 -1.23243
6 -1.28243
6.05 -1.33243
6.1 -1.38243
6.15 -1.43243
6.2 -1.48243
6.25 -1.53243
6.3 -1.58243
6.35 -1.63243
6.4 -1.68243
6.45 -1.73243
6.5 -1.78243
6.55 -1.83243
6.6 -1.88243
6.65 -1.93243
6.7 -1.98243
6.75 -2.03243
6.8 -2.08243
6.85 -2.13243
6.9 -2.18243
6.95 -2.23243
7 -2.28243
7.05 -2.33243
7.1 -2.38243
7.15 -2.43243
7.2 -2.48243
7.25 -2.53243
7.3 -2.58243
7.35 -2.63243
7.4 -2.68243
7.45 -2.73243
7.5 -2.78243
7.55 -2.83243
7.6 -2.88243
7.65 -2.93243
7.7 -2.98243
7.75 -3.03243
7.8 -3.08243
7.85 -3.13243
7.9 -3.18243
7.95 -3.23243
8 -3.28243
8.05 -3.33243
8.1 -3.38243
8.15 -3.43243
8.2 -3.48243
8.25 -3.53243
8.3 -3.58243
8.35 -3.63243
8.4 -3.68243
8.45 -3.73243
8.5 -3.78243
8.55 -3.83243
8.6 -3.88243
8.65 -3.93243
8.7 -3.98243
8.75 -4.03243
8.8 -4.08243
8.85 -4.13243
8.9 -4.18243
8.95 -4.23243
9 -4.28243
9.05 -4.33243
9.1 -4.38243
9.15 -4.43243
9.2 -4.48243
9.25 -4.53243
9.3 -4.58243
9.35 -4.63243
9.4 -4.68243
9.45 -4.73243
9.5 -4.78243
9.55 -4.83243
9.6 -4.88243
9.65 -4.93243
9.7 -4.98243
9.75 -5.03243
9.8 -5.08243
9.85 -5.13243
9.9 -5.18243
9.95 -5.23243
