-1.8 0.278441
-1.75 0.592688
-1.7 0.78689
-1.65 0.938765
-1.6 1.06655
-1.55 1.17811
-1.5 1.2777
-1.45 1.36795
-1.4 1.45058
-1.35 1.52685
-1.3 1.59766
-1.25 1.66371
-1.2 1.72555
-1.15 1.78361
-1.1 1.83826
-1.05 1.88978
-1 1.93843
-0.95 1.98443
-0.9 2.02794
-0.85 2.06913
-0.8 2.10813
-0.75 2.14506
-0.7 2.18003
-0.65 2.21313
-0.6 2.24444
-0.55 2.27404
-0.5 2.302
-0.45 2.32836
-0.4 2.3532
-0.35 2.37654
-0.3 2.39844
-0.25 2.41894
-0.2 2.43807
-0.15 2.45587
-0.1 2.47235
-0.05 2.48756
7.64666e-15 2.50151
0.05 2.51422
0.1 2.52571
0.15 2.536
0.2 2.5451
0.25 2.55303
0.3 2.55979
0.35 2.5654
0.4 2.56986
0.45 2.57318
0.5 2.57537
0.55 2.57642
0.6 2.57634
0.65 2.57513
0.7 2.57278
0.75 2.5693
0.8 2.56467
0.85 2.5589
0.9 2.55197
0.95 2.54387
1 2.5346
1.05 2.52414
1.1 2.51247
1.15 2.49959
1.2 2.48546
1.25 2.47008
1.3 2.45341
1.35 2.43542
1.4 2.4161
1.45 2.3954
1.5 2.3733
1.55 2.34974
1.6 2.32469
1.65 2.2981
1.7 2.26992
1.75 2.24008
1.8 2.20851
1.85 2.17515
1.9 2.13991
1.95 2.10268
2 2.06338
2.05 2.02187
2.1 1.97801
2.15 1.93165
2.2 1.8826
2.25 1.83065
2.3 1.77554
2.35 1.71696
2.4 1.65455
2.45 1.58785
2.5 1.51631
2.55 1.43919
2.6 1.35556
2.65 1.2641
2.7 1.16298
2.75 1.04942
2.8 0.918801
2.85 0.762417
2.9 0.559043
2.95 0.194798
